ID,Total Raised($),Founded Year,Year Joined
UC_0,7440000000.0,2012,2017
UC_1,6874000000.0,2002,2012
UC_2,2901000000.0,2010,2014
UC_3,3472000000.0,2005,2011
UC_4,4377000000.0,1991,2018
UC_5,571260000.0,2012,2018
UC_6,1830000000.0,2012,2019
UC_7,2686000000.0,2012,2014
UC_8,3497000000.0,2013,2019
UC_9,1716000000.0,2015,2018
UC_10,1829000000.0,2018,2021
UC_11,4190000000.0000005,1995,2012
UC_12,2599000000.0,2013,2019
UC_13,5183000000.0,2008,2017
UC_14,917500000.0,2013,2016
UC_15,4653000000.0,2015,2021
UC_16,4750000000.0,2011,2022
UC_17,4043999999.9999995,2012,2017
UC_18,1135000000.0,2006,2015
UC_19,553360000.0,2008,2018
UC_20,3397000000.0,2013,2020
UC_21,721310000.0,2016,2020
UC_22,293900000.0,2012,2019
UC_23,734800000.0,2012,2018
UC_24,425120000.0,2017,2021
UC_25,4000000000.0,2009,2019
UC_26,1969000000.0,2017,2018
UC_27,1096000000.0,2017,2019
UC_28,1490000000.0,2017,2018
UC_29,1490000000.0,2015,2017
UC_30,1490000000.0,2015,2018
UC_31,561500000.0,2008,2018
UC_32,1800000000.0,2003,2021
UC_33,1353000000.0,2013,2018
UC_34,210830000.0,2013,2021
UC_35,6255000000.0,1998,2016
UC_36,1368000000.0,2011,2018
UC_37,9630000000.0,2014,2021
UC_38,5450000000.0,2017,2021
UC_40,3571000000.0,2014,2018
UC_41,2475000000.0,2013,2019
UC_42,333500000.0,2012,2020
UC_43,691120000.0,2011,2015
UC_44,1326000000.0,2005,2017
UC_45,504770000.0,2011,2018
UC_46,3420000000.0,2016,2020
UC_47,3396000000.0,2018,2020
UC_48,3396000000.0,2018,2021
UC_49,572010000.0,2001,2018
UC_50,1099000000.0,2012,2018
UC_51,579230000.0,2012,2019
UC_52,1722000000.0,2013,2019
UC_53,678500000.0,2012,2020
UC_54,6162000000.0,2016,2019
UC_55,1170000000.0,2007,2015
UC_56,4304000000.0,2015,2016
UC_57,7700000000.0,2015,2017
UC_58,3114000000.0,2012,2018
UC_59,7750000000.0,2016,2019
UC_60,1188000000.0,2016,2020
UC_61,1026000000.0,2015,2020
UC_62,2132000000.0,2016,2019
UC_63,1971000000.0,2013,2018
UC_64,1907000000.0,2015,2021
UC_65,5560000000.0,2010,2020
UC_66,1070000000.0000001,2015,2018
UC_67,5040000000.0,2009,2020
UC_68,1165000000.0,2007,2019
UC_69,1038999999.9999999,2018,2021
UC_70,8270000000.0,2019,2021
UC_71,2237000000.0,2013,2018
UC_72,1314000000.0,1996,2021
UC_73,671900000.0,2018,2021
UC_75,1172000000.0,2015,2021
UC_76,1040000000.0,2012,2018
UC_77,741620000.0,2013,2020
UC_78,844200000.0,2013,2018
UC_79,1158000000.0,2012,2019
UC_80,0.0,2018,2019
UC_82,5830000000.0,2015,2020
UC_83,1040000000.0,2015,2018
UC_84,4000000000.0,2015,2021
UC_85,1786000000.0,2010,2015
UC_86,979300000.0,2012,2018
UC_87,1026999999.9999999,2017,2020
UC_88,8400000000.0,2003,2018
UC_89,920140000.0,2005,2021
UC_90,2121000000.0,2011,2018
UC_91,149500000.0,1992,2020
UC_92,934320000.0,2004,2020
UC_93,447120000.0,2017,2020
UC_95,1089000000.0,2012,2019
UC_96,524830000.00000006,2015,2021
UC_97,562500000.0,2016,2018
UC_98,853850000.0,2015,2021
UC_99,6450000000.0,2020,2021
UC_100,4120000000.0,2012,2021
UC_101,1414000000.0,2012,2015
UC_102,1420000.0,2018,2020
UC_103,6000000000.0,2020,2021
UC_104,729220000.0,2013,2021
UC_105,1077000000.0,1998,2020
UC_106,4240000000.0,2013,2021
UC_107,864520000.0,2016,2020
UC_108,2085000000.0,1999,2018
UC_109,1701000000.0,2001,2016
UC_110,1555000000.0,1994,2011
UC_111,891300000.0,2017,2020
UC_112,4150000000.0,2013,2021
UC_113,1020999999.9999999,2014,2021
UC_114,792360000.0,2005,2022
UC_115,4330000000.0,2014,2020
UC_116,728020000.0,2012,2020
UC_117,1093000000.0,2016,2018
UC_118,986880000.0,2015,2021
UC_119,2248000000.0,2015,2018
UC_120,595900000.0,2008,2019
UC_121,490500000.0,2011,2021
UC_122,937290000.0,2016,2019
UC_123,755740000.0,2012,2019
UC_125,5000000000.0,2011,2017
UC_126,2701000000.0,2016,2018
UC_127,625150000.0,2018,2021
UC_128,8020000000.0,2015,2019
UC_129,445510000.0,2011,2021
UC_130,2200000000.0,2015,2019
UC_131,5987000000.0,2015,2019
UC_132,187260000.0,1994,2020
UC_133,1132000000.0,2017,2021
UC_134,6920000000.0,2010,2021
UC_135,990520000.0,2015,2017
UC_136,990520000.0,2015,2020
UC_137,855550000.0,2015,2021
UC_138,632850000.0,2015,2021
UC_139,703390000.0,2016,2022
UC_140,822290000.0,2019,2019
UC_141,371500000.0,2009,2019
UC_142,614200000.0,2007,2021
UC_143,1061000000.0,2015,2021
UC_144,0.0,2020,2021
UC_145,867440000.0,2012,2020
UC_147,428800000.0,2015,2021
UC_148,828500000.0,2017,2019
UC_149,906130000.0,2015,2020
UC_150,646600000.0,2013,2019
UC_151,5590000000.0,2014,2019
UC_152,496040000.0,2013,2021
UC_153,943100000.0,2003,2014
UC_154,562230000.0,2008,2019
UC_155,975490000.0,2013,2016
UC_156,648250000.0,2012,2021
UC_157,0.0,2000,2018
UC_158,645600000.0,2012,2016
UC_159,489780000.0,2011,2019
UC_160,7890000000.0,2017,2020
UC_161,566900000.0,2013,2021
UC_162,498250000.0,2012,2020
UC_163,737080000.0,2019,2021
UC_164,1385000000.0,2016,2020
UC_165,971140000.0,2015,2019
UC_166,366720000.0,2014,2020
UC_167,673700000.0,2012,2018
UC_168,353500000.0,2012,2022
UC_169,415900000.0,2016,2021
UC_171,1044000000.0,2009,2018
UC_172,497430000.0,2014,2021
UC_173,836300000.0,2015,2021
UC_174,613600000.0,2008,2014
UC_176,216070000.0,2012,2014
UC_177,1358000000.0,2011,2017
UC_178,1705000000.0,2011,2018
UC_179,2005999999.9999998,2011,2019
UC_180,1347000000.0,2012,2019
UC_181,8810000000.0,2016,2019
UC_182,412100000.0,2013,2020
UC_183,86880000.0,2000,2021
UC_186,2500000000.0,2011,2021
UC_187,858800000.0,2012,2020
UC_188,5530000000.0,2014,2017
UC_189,5040000000.0,2018,2021
UC_190,8020000000.0,2015,2021
UC_191,5350000000.0,2017,2020
UC_192,7180000000.0,2016,2018
UC_193,739600000.0,2014,2020
UC_194,5420000000.0,2014,2018
UC_195,520400000.0,2013,2021
UC_196,764740000.0,2014,2018
UC_197,1487000000.0,1995,2014
UC_198,5200000000.0,2016,2019
UC_199,1100000000.0,2011,2020
UC_200,376500000.0,2015,2019
UC_201,376500000.0,2015,2021
UC_202,2770000000.0,2018,2021
UC_203,6030000000.0,2017,2021
UC_204,6600000000.0,2013,2018
UC_205,2630000000.0,2016,2020
UC_206,491620000.0,2015,2020
UC_207,627800000.0,2006,2021
UC_208,7920000000.0,2017,2021
UC_209,4380000000.0,2016,2021
UC_210,1277000000.0,2015,2021
UC_211,1250000000.0,2001,2021
UC_212,404380000.0,2012,2020
UC_213,3400000000.0,2017,2020
UC_214,475680000.0,2006,2020
UC_215,815490000.0,1919,2017
UC_216,1177000000.0,2014,2017
UC_217,263120000.0,2015,2020
UC_218,294820000.0,2016,2021
UC_219,424160000.0,2016,2021
UC_220,743890000.0,2017,2021
UC_221,9480000000.0,2011,2020
UC_222,5200000000.0,2017,2021
UC_223,4000000000.0,2016,2020
UC_224,778800000.0,2017,2021
UC_225,684790000.0,2017,2021
UC_226,652850000.0,2013,2021
UC_227,430500000.0,2014,2021
UC_228,468650000.0,2011,2021
UC_229,382140000.0,2017,2021
UC_230,875730000.0,2015,2020
UC_231,5550000000.0,2019,2021
UC_232,540000000.0,2010,2021
UC_233,1326000000.0,2014,2018
UC_234,507250000.0,2015,2021
UC_235,0.0,1999,2021
UC_236,778820000.0,2015,2018
UC_237,443670000.0,2016,2020
UC_238,930830000.0,2011,2019
UC_239,998500000.0,2011,2019
UC_240,3150000000.0,2014,2020
UC_241,769860000.0,2014,2021
UC_242,1296000000.0,2015,2020
UC_243,401540000.0,2016,2021
UC_244,1540000000.0,2006,2016
UC_245,698850000.0,2008,2015
UC_246,350810000.0,2016,2021
UC_247,593460000.0,2010,2021
UC_248,3110000000.0,2014,2021
UC_249,282500000.0,2014,2021
UC_250,375680000.0,2014,2021
UC_251,331120000.0,2014,2022
UC_252,3940000000.0,2019,2021
UC_253,728500000.0,2016,2021
UC_254,6000000000.0,2017,2021
UC_255,1447000000.0,2016,2018
UC_256,4750000000.0,2006,2020
UC_257,628300000.0,2011,2021
UC_258,868670000.0,2007,2020
UC_259,7750000000.0,2011,2015
UC_260,1170000000.0,2012,2017
UC_261,1282000000.0,2012,2017
UC_262,9000000000.0,1992,2017
UC_263,712500000.0,2013,2018
UC_264,3435000000.0,2014,2018
UC_265,1361000000.0,2011,2019
UC_266,1211000000.0,2013,2019
UC_267,1800000000.0,2011,2019
UC_268,479910000.0,2015,2020
UC_269,5250000000.0,2013,2020
UC_270,350550000.0,2013,2021
UC_271,512750000.0,2017,2021
UC_272,3600000000.0,2003,2021
UC_273,986300000.0,2014,2019
UC_274,1660000000.0,2010,2021
UC_275,481500000.0,2007,2016
UC_276,523179999.99999994,2015,2021
UC_277,3310000000.0,2013,2021
UC_278,330340000.0,2014,2021
UC_279,426500000.0,2010,2018
UC_280,330230000.0,2014,2021
UC_281,1335000000.0,2020,2021
UC_282,1610000000.0,2019,2021
UC_283,240020000.0,2015,2021
UC_284,339370000.0,2011,2021
UC_285,399890000.0,2017,2021
UC_286,422220000.0,2014,2020
UC_287,697060000.0,2012,2020
UC_288,4870000000.0,2017,2021
UC_289,486500000.0,2017,2022
UC_290,329320000.0,2015,2021
UC_291,474710000.0,2016,2021
UC_292,3280000000.0,2015,2021
UC_293,18570000.0,2011,2019
UC_294,1250000000.0,2015,2019
UC_295,1160000000.0,2017,2019
UC_296,752500000.0,2014,2019
UC_297,7880000000.0,2018,2020
UC_298,702250000.0,2018,2021
UC_299,537710000.0,2012,2021
UC_300,1042000000.0,2021,2021
UC_301,651600000.0,2014,2016
UC_302,8120000000.0,2012,2021
UC_303,487160000.0,2014,2019
UC_304,6820000000.0,2016,2018
UC_305,557150000.0,2013,2015
UC_306,675460000.0,2015,2018
UC_307,461400000.0,2015,2021
UC_308,467200000.0,2019,2021
UC_309,5830000000.0,2014,2021
UC_310,3146000000.0,2014,2021
UC_311,1103000000.0,2009,2018
UC_312,207500000.0,2008,2021
UC_313,4200000000.0,2009,2020
UC_314,708730000.0,2013,2021
UC_315,2230000000.0,2013,2021
UC_316,359170000.0,2013,2019
UC_317,712930000.0,2015,2021
UC_318,470710000.0,2015,2021
UC_319,1330000000.0,2007,2018
UC_320,418450000.0,2012,2021
UC_321,418450000.0,2004,2017
UC_322,1208000000.0,2016,2018
UC_323,427510000.0,2003,2019
UC_324,262820000.0,2017,2021
UC_325,675900000.0,2008,2019
UC_326,381400000.0,2016,2021
UC_327,991330000.0,2015,2021
UC_328,5120000000.0,2015,2020
UC_329,561820000.0,2019,2021
UC_330,3130000000.0,2015,2021
UC_331,728200000.0,2013,2021
UC_332,656670000.0,2018,2021
UC_333,626630000.0,2008,2022
UC_334,4650000000.0,2016,2022
UC_335,6080000000.0,2017,2021
UC_336,377700000.0,2018,2021
UC_337,713620000.0,2012,2019
UC_338,535860000.0,2014,2017
UC_339,125580000.0,2014,2021
UC_340,6920000000.0,2013,2015
UC_341,633780000.0,2008,2019
UC_343,3900000000.0,2013,2021
UC_344,3900000000.0,2013,2021
UC_345,711730000.0,2014,2020
UC_346,483500000.0,2017,2021
UC_347,928800000.0,2014,2021
UC_348,477270000.0,2012,2021
UC_349,1072000000.0000001,2009,2021
UC_350,486650000.0,2009,2015
UC_351,288220000.0,2019,2020
UC_352,569950000.0,2013,2020
UC_353,3170000000.0,2014,2015
UC_354,417300000.0,2013,2019
UC_355,2075000000.0000002,2010,2020
UC_356,556500000.0,2014,2020
UC_357,630900000.0,2015,2021
UC_358,3190000000.0,2005,2021
UC_359,433700000.0,2013,2021
UC_360,420890000.0,2019,2022
UC_361,445690000.0,2015,2018
UC_362,334340000.0,2012,2021
UC_363,2770000000.0,2013,2021
UC_364,0.0,2016,2018
UC_365,286360000.0,2001,2019
UC_366,383410000.0,2015,2021
UC_367,314660000.0,2014,2021
UC_368,529159999.99999994,2012,2019
UC_369,257640000.0,2012,2021
UC_370,425960000.0,2011,2020
UC_371,7100000000.0,2006,2022
UC_372,4220000000.0,2009,2022
UC_373,276350000.0,2005,2019
UC_374,1900000000.0,2018,2022
UC_375,717290000.0,2013,2020
UC_376,385120000.0,2012,2018
UC_377,513929999.99999994,2009,2021
UC_378,581100000.0,2007,2021
UC_379,3450000000.0,2013,2021
UC_380,8310000000.0,2010,2020
UC_381,3970000000.0,2016,2020
UC_382,214920000.0,2012,2021
UC_383,441240000.0,2014,2021
UC_384,0.0,2017,2021
UC_385,3050000000.0,2016,2021
UC_386,533750000.0,2013,2021
UC_387,214100000.0,2005,2018
UC_388,529320000.00000006,2011,2022
UC_389,2000000000.0,1999,2012
UC_390,1730000000.0,1973,2012
UC_392,564300000.0,2006,2015
UC_393,519630000.0,2013,2016
UC_394,2860000000.0,2009,2017
UC_395,603930000.0,2012,2017
UC_396,152190000.0,2014,2018
UC_397,261250000.0,2011,2018
UC_398,9300000000.0,2015,2018
UC_399,217980000.0,2012,2019
UC_400,617570000.0,2000,2019
UC_401,4880000000.0,2010,2019
UC_402,4750000000.0,2007,2019
UC_403,3120000000.0,2011,2019
UC_404,303100000.0,2011,2020
UC_405,614490000.0,2014,2020
UC_406,3550000000.0,2011,2020
UC_407,953500000.0,2015,2020
UC_408,367170000.0,2017,2020
UC_409,376500000.0,2015,2020
UC_410,0.0,2001,2020
UC_411,98500000.0,2001,2021
UC_412,423440000.0,2017,2021
UC_413,4490000000.0,1999,2021
UC_414,935010000.0,2015,2021
UC_415,850000000.0,2013,2021
UC_416,570990000.0,2014,2021
UC_417,5500000000.0,2010,2021
UC_418,5200000.0,2019,2021
UC_419,497240000.0,2016,2022
UC_420,421180000.0,2002,2021
UC_421,3660000000.0,2019,2021
UC_422,342400000.0,2013,2021
UC_423,2280000000.0,2013,2021
UC_424,397360000.0,2012,2021
UC_425,484320000.0,2013,2019
UC_426,192270000.0,2011,2021
UC_427,417250000.0,2015,2020
UC_428,50000000.0,2012,2019
UC_429,783810000.0,2014,2021
UC_430,1127000000.0,2017,2021
UC_431,6400000000.0,2012,2020
UC_432,5700000000.0,2018,2021
UC_433,3400000000.0,2014,2021
UC_434,409600000.0,2012,2019
UC_435,526500000.0,2018,2021
UC_436,296200000.0,2016,2021
UC_437,1150000000.0,2016,2021
UC_438,5360000000.0,2016,2021
UC_439,133120000.0,2018,2021
UC_440,3484000000.0,2010,2014
UC_441,667380000.0,2018,2021
UC_442,209930000.0,2016,2021
UC_443,3000000000.0,2021,2021
UC_444,4750000000.0,2015,2021
UC_445,314610000.0,2010,2021
UC_446,339200000.0,2018,2021
UC_447,5320000000.0,2016,2021
UC_448,167700000.0,2018,2021
UC_450,490100000.0,2017,2021
UC_451,322160000.0,2015,2021
UC_452,3150000000.0,2011,2021
UC_453,446700000.0,2015,2022
UC_454,4050000000.0,2015,2021
UC_455,4550000000.0,2014,2022
UC_456,0.0,2011,2022
UC_457,3900000000.0,2015,2021
UC_458,905620000.0,2014,2021
UC_459,488500000.0,2012,2021
UC_460,350710000.0,2011,2017
UC_462,454130000.0,2010,2021
UC_463,294650000.0,2014,2021
UC_464,3000000000.0,2017,2021
UC_465,1333000000.0,2015,2019
UC_466,18580000.0,2000,2021
UC_467,18580000.0,2000,2021
UC_468,861690000.0,2005,2013
UC_469,383020000.0,2007,2015
UC_470,3000000000.0,2012,2021
UC_471,170200000.0,2014,2021
UC_472,3350000000.0,2013,2019
UC_473,250830000.0,2016,2021
UC_474,330930000.0,2017,2018
UC_475,469740000.0,2011,2021
UC_476,515900000.0,2015,2021
UC_477,6320000000.0,2019,2021
UC_478,116300000.0,2014,2015
UC_479,659100000.0,2013,2018
UC_480,544930000.0,2007,2018
UC_482,406960000.0,2013,2021
UC_483,195300000.0,2014,2021
UC_484,312500000.0,2011,2021
UC_486,664450000.0,2009,2021
UC_487,364200000.0,2016,2021
UC_488,240500000.0,2011,2021
UC_489,246120000.0,2011,2021
UC_490,275750000.0,2015,2021
UC_491,597350000.0,2015,2021
UC_492,261300000.0,2014,2022
UC_493,220650000.0,2019,2022
UC_494,363170000.0,2016,2021
UC_495,924310000.0,2014,2019
UC_496,2650000000.0,2015,2021
UC_497,2650000000.0,2015,2021
UC_498,137130000.0,2010,2018
UC_499,2980000000.0,2020,2022
UC_500,391520000.0,2018,2022
UC_502,402460000.0,2016,2021
UC_503,3250000000.0,2011,2015
UC_504,327200000.0,2006,2017
UC_505,968860000.0,2015,2018
UC_506,139640000.0,2016,2020
UC_507,4960000000.0,2012,2021
UC_508,431400000.0,2015,2021
UC_509,415790000.0,2008,2021
UC_510,222810000.0,2004,2021
UC_511,222810000.0,2004,2021
UC_512,346800000.0,2016,2021
UC_513,312570000.0,2014,2021
UC_514,222340000.0,2013,2021
UC_515,150930000.0,2019,2021
UC_516,539600000.0,2012,2021
UC_517,256060000.0,2016,2021
UC_518,420160000.0,2007,2019
UC_519,336200000.0,2019,2022
UC_520,5560000000.0,1979,2016
UC_521,224350000.0,2015,2019
UC_522,185520000.0,2015,2021
UC_523,92440000.0,2013,2021
UC_524,198480000.0,2016,2021
UC_525,70590000.0,2012,2017
UC_527,2080000000.0,2004,2013
UC_528,763700000.0,2011,2015
UC_529,7100000000.0,2009,2016
UC_530,1056999999.9999999,2010,2016
UC_531,260350000.00000003,2015,2017
UC_533,5000000000.0,2012,2017
UC_534,100120000.0,2008,2018
UC_535,547270000.0,2014,2018
UC_536,502500000.0,2010,2018
UC_537,7140000000.0,2013,2019
UC_538,179850000.0,2009,2020
UC_539,341680000.0,2010,2020
UC_540,2780000000.0,2016,2021
UC_542,273070000.0,2010,2021
UC_543,2500000000.0,2012,2021
UC_544,302600000.0,2017,2021
UC_545,466380000.0,2014,2021
UC_546,226600000.0,2018,2021
UC_547,342370000.0,2015,2021
UC_548,274150000.0,2008,2021
UC_549,214550000.0,2010,2021
UC_550,395840000.0,2015,2021
UC_551,258300000.0,2011,2021
UC_552,235750000.0,2018,2021
UC_553,1467000000.0,2020,2021
UC_554,126500000.0,2017,2021
UC_555,310320000.0,2011,2021
UC_556,217500000.0,2018,2021
UC_557,224150000.0,2019,2021
UC_558,1500000000.0,2013,2021
UC_559,374610000.0,2014,2021
UC_560,268120000.0,2015,2021
UC_561,1000000000.0,2021,2021
UC_562,3810000000.0,2011,2021
UC_563,169200000.0,2017,2021
UC_564,2450000000.0,2016,2021
UC_565,679400000.0,2016,2021
UC_566,443070000.0,2016,2021
UC_567,318750000.0,2015,2021
UC_568,253460000.0,2016,2021
UC_569,181350000.0,2020,2021
UC_570,2060000000.0,2012,2022
UC_571,290000000.0,2018,2022
UC_572,300340000.0,2015,2022
UC_573,192320000.0,2015,2022
UC_574,136080000.0,2016,2022
UC_575,432110000.0,2016,2022
UC_576,299280000.0,2016,2021
UC_577,121750000.0,2019,2022
UC_578,292580000.0,2017,2022
UC_579,658490000.0,2017,2019
UC_580,3610000000.0,2016,2019
UC_581,226600000.0,2006,2018
UC_582,281380000.0,2011,2018
UC_583,433720000.0,2015,2019
UC_584,3000000000.0,2012,2020
UC_585,3030000000.0,2015,2021
UC_586,328170000.0,2015,2021
UC_587,2280000000.0,2019,2022
UC_588,150820000.0,2016,2021
UC_589,1430000000.0,2012,2020
UC_590,276070000.0,2014,2021
UC_591,242050000.0,2016,2021
UC_592,163840000.0,2018,2021
UC_593,203500000.0,2013,2022
UC_594,235890000.0,2018,2022
UC_595,290880000.0,2013,2022
UC_596,2640000000.0,2019,2022
UC_597,3620000000.0,2010,2014
UC_598,4610000000.0,2014,2017
UC_599,150000000.0,2021,2017
UC_600,481470000.0,2011,2018
UC_601,1240000000.0,2015,2018
UC_602,481800000.0,2007,2018
UC_603,181100000.0,2015,2019
UC_604,170500000.0,2007,2020
UC_605,476140000.0,2009,2021
UC_606,4360000000.0,2011,2021
UC_607,495210000.0,2011,2021
UC_609,459780000.0,1984,2021
UC_610,439250000.0,2015,2021
UC_611,163020000.0,2011,2021
UC_612,163020000.0,2011,2021
UC_613,385920000.0,2012,2021
UC_614,358070000.0,2015,2021
UC_615,314280000.0,2014,2021
UC_616,437100000.0,2014,2021
UC_617,140380000.0,2018,2021
UC_618,270740000.0,2016,2022
UC_619,2020000000.0,2017,2022
UC_621,720420000.0,2016,2022
UC_622,79280000.0,2014,2018
UC_623,721190000.0,2014,2018
UC_624,497190000.0,2015,2021
UC_625,2920000000.0,2016,2021
UC_626,155920000.0,2015,2021
UC_627,287390000.0,2018,2022
UC_628,411200000.0,2011,2021
UC_629,274590000.0,2017,2021
UC_630,331230000.0,2008,2022
UC_631,210500000.0,2010,2015
UC_632,453010000.0,2016,2019
UC_633,66160000.0,2003,2018
UC_634,361440000.0,2013,2019
UC_635,1150000000.0,2010,2022
UC_636,339110000.0,2012,2018
UC_637,94400000.0,2013,2020
UC_638,542410000.0,2007,2017
UC_639,1012999999.9999999,2010,2019
UC_641,559050000.0,1999,2020
UC_642,230550000.0,2015,2020
UC_643,11540000.0,2015,2020
UC_644,3100000000.0,2013,2021
UC_645,0.0,2013,2021
UC_646,824590000.0,2013,2021
UC_647,4350000000.0,2010,2021
UC_648,399700000.0,2015,2021
UC_649,2900000000.0,2016,2021
UC_650,207300000.0,2014,2022
UC_651,408580000.0,2015,2022
UC_652,1250000000.0,2018,2022
UC_653,2000000000.0,2012,2022
UC_654,101620000.0,2017,2022
UC_655,345200000.0,2014,2022
UC_656,171050000.0,2016,2021
UC_657,1630000000.0,2014,2018
UC_658,240250000.0,2011,2018
UC_659,2560000000.0,2009,2019
UC_660,227340000.0,2015,2021
UC_662,246100000.0,2015,2020
UC_663,5950000000.0,2014,2017
UC_664,116200000.0,2017,2021
UC_665,622120000.0,2014,2021
UC_666,2600000000.0,2018,2021
UC_667,2550000000.0,2015,2021
UC_668,155900000.0,2016,2021
UC_669,156340000.0,2015,2022
UC_670,2470000000.0,2018,2022
UC_671,159120000.0,2014,2022
UC_672,296770000.0,2007,2017
UC_673,470520000.0,2018,2021
UC_674,7000000000.0,2020,2021
UC_675,101970000.0,2020,2021
UC_676,0.0,2016,2020
UC_677,911620000.0,2007,2021
UC_678,166200000.0,2012,2022
UC_679,8000000000.0,2005,2016
UC_681,267399999.99999997,2014,2019
UC_682,11300000.0,1999,2020
UC_683,345500000.0,2012,2020
UC_684,263899999.99999997,2008,2021
UC_685,263899999.99999997,2008,2021
UC_686,1950000000.0,2017,2021
UC_687,3100000000.0,2018,2021
UC_688,267730000.00000003,2017,2021
UC_690,175310000.0,2017,2021
UC_691,678350000.0,2010,2021
UC_692,352480000.0,2011,2021
UC_693,190730000.0,2016,2021
UC_694,3970000000.0,2016,2021
UC_695,1920000000.0,2012,2021
UC_696,615830000.0,2016,2021
UC_697,3000000000.0,2019,2021
UC_698,3000000000.0,2019,2021
UC_699,3150000000.0,2019,2021
UC_700,181500000.0,2013,2021
UC_701,281300000.0,2012,2021
UC_702,361230000.0,2015,2021
UC_703,517500000.0,2016,2021
UC_704,201960000.0,2013,2021
UC_705,123700000.0,2018,2021
UC_706,276050000.0,2013,2021
UC_707,1460000000.0,2017,2021
UC_708,536100000.0,2008,2021
UC_709,283880000.0,2015,2021
UC_710,111100000.0,2018,2021
UC_711,176670000.0,2018,2021
UC_712,4300000000.0,2021,2021
UC_713,4450000000.0,2020,2021
UC_714,188200000.0,2017,2022
UC_715,292500000.0,2012,2022
UC_716,118500000.0,2021,2022
UC_717,371690000.0,2015,2022
UC_718,472940000.0,2012,2022
UC_719,2510000000.0,2013,2022
UC_720,368260000.0,2010,2021
UC_721,118640000.0,2009,2016
UC_722,1002999999.9999999,2014,2019
UC_723,188150000.0,2012,2017
UC_724,553610000.0,2015,2019
UC_725,168060000.0,2017,2021
UC_726,1970000000.0,2017,2021
UC_727,580450000.0,2011,2018
UC_728,3207000000.0,2018,2020
UC_729,343700000.0,2011,2015
UC_730,1740000000.0,2000,2020
UC_731,3390000000.0,2015,2021
UC_732,1500000000.0,2019,2021
UC_734,444630000.0,2009,2022
UC_735,266980000.00000003,2013,2019
UC_736,201040000.0,2015,2021
UC_737,193240000.0,2014,2019
UC_738,373440000.0,2009,2014
UC_739,558360000.0,2009,2015
UC_740,136050000.0,2012,2016
UC_741,1243000000.0,1999,2016
UC_742,706600000.0,2011,2017
UC_743,884790000.0,2009,2019
UC_744,1330000000.0,2000,2019
UC_745,2780000000.0,2004,2020
UC_746,4760000000.0,2010,2020
UC_747,310020000.0,2015,2021
UC_748,329900000.0,2004,2021
UC_749,255500000.0,2016,2021
UC_750,1300000000.0,2017,2021
UC_751,197670000.0,2016,2021
UC_753,265070000.0,2012,2021
UC_754,2170000000.0,2017,2021
UC_755,2170000000.0,2017,2021
UC_756,109400000.0,2017,2021
UC_757,4430000000.0,2012,2021
UC_758,192500000.0,2019,2021
UC_759,151600000.0,2014,2021
UC_760,750370000.0,2017,2021
UC_761,4280000000.0,2016,2021
UC_762,120980000.0,2014,2021
UC_763,900000000.0,2018,2021
UC_764,553500000.0,2013,2021
UC_765,136050000.0,2018,2021
UC_766,291500000.0,2021,2021
UC_767,1660000000.0,2012,2022
UC_768,287880000.0,2001,2022
UC_769,2050000000.0,2019,2022
UC_770,53050000.0,2015,2018
UC_771,154300000.0,2016,2021
UC_773,285710000.0,2008,2017
UC_774,200110000.0,1990,2017
UC_775,319890000.0,2014,2019
UC_776,153300000.0,2016,2021
UC_777,249210000.0,2009,2015
UC_778,131940000.0,2015,2019
UC_779,219640000.0,2013,2021
UC_780,217200000.0,2014,2021
UC_781,284520000.0,2009,2021
UC_782,62120000.0,2000,2019
UC_783,77400000.0,2010,2018
UC_784,1761000000.0,2015,2018
UC_785,2810000000.0,2007,2013
UC_786,1776000000.0,2008,2014
UC_787,3000000000.0,2010,2014
UC_788,510600000.0,2007,2014
UC_789,520000000.0,2013,2015
UC_790,1050000000.0,2000,2015
UC_791,224400000.0,2011,2015
UC_792,1200000000.0,2011,2015
UC_794,345550000.0,2013,2015
UC_795,2930000000.0,2011,2015
UC_796,324650000.0,2011,2015
UC_797,231600000.0,2011,2015
UC_798,3000000000.0,2014,2015
UC_799,3200000000.0,2009,2015
UC_800,223290000.0,2001,2015
UC_801,3150000000.0,1998,2015
UC_802,348500000.0,2012,2016
UC_803,1990000000.0,2015,2016
UC_804,2550000000.0,2003,2016
UC_805,0.0,2002,2016
UC_806,259640000.0,2012,2017
UC_807,9900000000.0,2015,2017
UC_808,393790000.0,2010,2017
UC_809,361250000.0,2012,2017
UC_810,6490000000.0,2012,2017
UC_811,546970000.0,2000,2017
UC_812,182050000.0,1997,2017
UC_813,15400000.0,2015,2017
UC_814,8960000000.0,2013,2017
UC_815,3000000000.0,2013,2017
UC_816,6720000000.0,2000,2018
UC_817,2000000000.0,2013,2018
UC_818,3300000000.0,2016,2018
UC_819,630000000.0,2010,2018
UC_820,522799999.99999994,2010,2018
UC_821,253020000.0,2014,2018
UC_822,613160000.0,2007,2018
UC_823,3940000000.0,1998,2018
UC_825,820000000.0,2016,2018
UC_826,368600000.0,2009,2018
UC_827,3390000000.0,2014,2018
UC_828,696760000.0,2015,2018
UC_829,51930000.0,2011,2018
UC_830,1283000000.0,2016,2018
UC_831,138530000.0,2009,2018
UC_832,3960000000.0,2013,2018
UC_833,629580000.0,2015,2018
UC_834,1700000000.0,2011,2018
UC_835,591860000.0,2011,2018
UC_836,433610000.0,2015,2018
UC_837,433610000.0,2015,2018
UC_838,310300000.0,2015,2019
UC_839,393400000.0,2011,2019
UC_840,287850000.0,2014,2019
UC_841,1580000000.0,2014,2019
UC_842,0.0,2015,2019
UC_843,327180000.0,2012,2019
UC_844,0.0,2017,2019
UC_845,306160000.0,2014,2019
UC_846,2036000000.0,2005,2019
UC_847,297500000.0,2016,2019
UC_848,1365000000.0,2011,2019
UC_849,95910000.0,2011,2019
UC_850,539680000.0,2008,2019
UC_852,4600000000.0,2012,2019
UC_853,614440000.0,2014,2019
UC_854,588070000.0,2015,2020
UC_855,130300000.00000001,2011,2020
UC_856,2790000000.0,2015,2020
UC_857,620000000.0,2005,2020
UC_858,1920000000.0,2016,2020
UC_859,978400000.0,2016,2020
UC_860,8000000000.0,2006,2020
UC_861,5970000000.0,2014,2020
UC_862,1000000000.0,2020,2020
UC_864,3610000000.0,2012,2020
UC_865,247610000.0,2014,2020
UC_866,200180000.0,2015,2020
UC_867,2510000000.0,2015,2021
UC_868,140230000.0,2015,2021
UC_869,304580000.0,2009,2021
UC_870,3700000000.0,2006,2021
UC_871,111500000.0,2006,2021
UC_872,3250000000.0,2015,2021
UC_873,3600000000.0,2017,2021
UC_874,2300000000.0,2016,2021
UC_875,315820000.0,2014,2021
UC_876,235620000.0,2017,2021
UC_877,126500000.0,2011,2021
UC_878,230310000.0,2016,2021
UC_879,3440000000.0,2014,2021
UC_880,170720000.0,2013,2021
UC_881,2650000000.0,2015,2021
UC_882,352320000.0,2007,2021
UC_883,259180000.0,2012,2021
UC_884,1630000000.0,2018,2021
UC_885,277800000.0,2009,2021
UC_886,397280000.0,2011,2021
UC_887,165710000.0,2016,2021
UC_888,341510000.0,2014,2021
UC_890,255080000.0,2012,2021
UC_891,3070000000.0,2016,2021
UC_892,362550000.0,2016,2021
UC_893,3910000000.0,2019,2021
UC_894,13100000.0,2018,2021
UC_895,156520000.0,2011,2021
UC_897,5700000000.0,2016,2021
UC_898,187570000.0,2013,2021
UC_899,173920000.0,2015,2021
UC_900,2000000000.0,2015,2021
UC_901,100250000.0,2014,2021
UC_902,480340000.0,2013,2021
UC_903,319720000.0,2014,2021
UC_904,221030000.0,2016,2021
UC_905,64080000.0,2018,2021
UC_906,64080000.0,2018,2021
UC_907,206320000.0,2009,2021
UC_909,126550000.0,2016,2021
UC_910,126550000.0,2016,2021
UC_912,154030000.0,2013,2021
UC_913,80000000.0,1993,2021
UC_914,2630000000.0,2015,2021
UC_915,110590000.0,2017,2021
UC_916,684520000.0,2015,2021
UC_917,119830000.0,2014,2021
UC_918,184500000.0,2013,2021
UC_919,6320000000.0,2015,2021
UC_920,91500000.0,2011,2021
UC_921,225630000.0,2014,2021
UC_922,157620000.0,2012,2021
UC_923,910000000.0,2014,2021
UC_924,216500000.0,2010,2021
UC_925,331100000.0,2014,2021
UC_926,573820000.0,2013,2021
UC_927,502200000.0,2018,2021
UC_928,502200000.0,2018,2021
UC_929,108030000.0,2018,2021
UC_930,371290000.0,2015,2021
UC_931,217300000.0,2016,2021
UC_932,217300000.0,2016,2021
UC_933,1500000.0,2020,2021
UC_934,0.0,2020,2021
UC_936,273250000.0,2015,2021
UC_937,132350000.0,2005,2021
UC_938,330880000.0,2015,2021
UC_939,259100000.00000003,2014,2021
UC_940,235940000.0,2007,2021
UC_941,335020000.0,2015,2021
UC_942,238120000.0,2013,2021
UC_943,203750000.0,2004,2021
UC_944,1350000000.0,2019,2021
UC_945,293610000.0,2007,2021
UC_946,199470000.0,2014,2021
UC_947,72440000.0,2012,2021
UC_948,345350000.0,2015,2021
UC_950,98960000.0,2014,2021
UC_951,131460000.00000001,2020,2021
UC_952,938710000.0,2005,2021
UC_953,3500000000.0,2018,2021
UC_954,396060000.0,2013,2021
UC_957,215010000.0,2014,2021
UC_958,271800000.0,2016,2021
UC_959,0.0,2019,2021
UC_960,271800000.0,2016,2021
UC_961,228790000.0,2010,2021
UC_962,1000000000.0,2020,2021
UC_963,976500000.0,2014,2021
UC_964,308380000.0,2014,2021
UC_965,238300000.0,2014,2021
UC_966,245220000.0,2018,2021
UC_967,3380000000.0,2015,2021
UC_968,1100000000.0,2017,2021
UC_969,255340000.0,2019,2021
UC_970,171850000.0,2017,2021
UC_971,328430000.0,2016,2021
UC_972,248960000.0,2009,2021
UC_973,671930000.0,2005,2021
UC_974,210080000.0,2014,2021
UC_975,377930000.0,2015,2021
UC_976,0.0,1999,2021
UC_977,2940000000.0,2011,2021
UC_978,142270000.0,2015,2021
UC_979,1100000000.0,2015,2021
UC_980,64500000.0,2009,2021
UC_981,128199999.99999999,2020,2021
UC_982,558710000.0,2020,2021
UC_983,2130000000.0,2012,2021
UC_984,2690000000.0,2014,2021
UC_985,130600000.0,2018,2021
UC_986,287830000.0,2013,2021
UC_987,228580000.0,2021,2021
UC_988,6620000.0,2017,2021
UC_989,1000000000.0,2020,2021
UC_991,254100000.0,2016,2021
UC_992,257800000.0,2016,2021
UC_993,371400000.0,2014,2021
UC_994,303730000.0,2015,2021
UC_995,402050000.0,2014,2021
UC_996,2050000000.0,2019,2021
UC_997,108500000.0,2020,2021
UC_998,492050000.0,2008,2021
UC_999,160600000.0,2019,2021
UC_1000,0.0,2010,2021
UC_1001,3300000000.0,2007,2021
UC_1002,126350000.0,2011,2021
UC_1003,508480000.0,2012,2021
UC_1004,260329999.99999997,2011,2021
UC_1005,766700000.0,2020,2021
UC_1006,397860000.0,2006,2021
UC_1007,1410000000.0,2020,2021
UC_1008,2200000000.0,2020,2021
UC_1009,440000000.0,2016,2021
UC_1010,517900000.0,2018,2021
UC_1011,203910000.0,2019,2021
UC_1012,2330000000.0,2017,2021
UC_1013,601590000.0,2013,2021
UC_1014,4860000000.0,2011,2021
UC_1015,6880000000.0,2000,2022
UC_1016,501640000.0,2005,2022
UC_1017,2830000000.0,2009,2022
UC_1018,166340000.0,2016,2022
UC_1019,1850000000.0,2015,2022
UC_1020,106700000.0,2015,2022
UC_1021,126300000.0,2014,2022
UC_1022,315430000.0,2012,2022
UC_1023,144430000.0,2015,2022
UC_1024,202500000.0,2018,2022
UC_1025,79420000.0,2018,2022
UC_1026,2730000000.0,2009,2022
UC_1027,236500000.0,2018,2022
UC_1029,63750000.0,2020,2022
UC_1030,1710000000.0,2014,2022
UC_1031,136510000.0,2017,2022
UC_1032,181060000.0,2015,2022
UC_1033,7000000000.0,2019,2022
UC_1034,449720000.0,2011,2022
UC_1035,525500000.0,2017,2022
UC_1036,604500000.0,2008,2022
